89.57667101231831
89.57667101255966
89.57667100890504
89.5766710221985
89.57667102730868
89.57667104267422
89.5766710496785
89.57667107026434
89.57667106268057
89.57667106196938
89.57667108067413
89.57667104824945
89.57667107072946
89.5766710919098
89.57667107904398
89.57667109906942
89.57667110846364
89.57667110200926
89.57667109154796
89.5766710896803
89.57667109822253
89.5766710754379
89.57667109835943
89.57667106079964
89.57667104766156
89.5766710034329
89.57667102155895
89.57667095067643
89.5766709068886
89.57667088017658
89.57667086846944
89.57667090547245
89.57667089568304
89.5766708947355
89.57667089472832
89.57667093473745
89.57667090963855
89.57667093705413
89.57667093705828
89.57667094758908
